
Total memory size: 393216 B, 384 KiB, 0 MiB

 Step    Time, s Interact/s  GFLOP/s
    0  5.073e-01  5.292e+08      9.0 (warm up)
    1  4.944e-01  5.429e+08      9.2 (warm up)
    2  4.969e-01  5.402e+08      9.2 (warm up)
    3  5.008e-01  5.360e+08      9.1 
    4  5.244e-01  5.119e+08      8.7 
    5  4.966e-01  5.406e+08      9.2 
    6  4.948e-01  5.426e+08      9.2 
    7  4.941e-01  5.433e+08      9.2 
    8  4.949e-01  5.424e+08      9.2 
    9  4.981e-01  5.389e+08      9.2 
   10  4.944e-01  5.429e+08      9.2 
   11  4.951e-01  5.422e+08      9.2 
   12  4.945e-01  5.429e+08      9.2 
-----------------------------------------------------
Average performance:             9.2 +- 0.2 GFLOP/s
-----------------------------------------------------

